000001-color.png 264,170,199,285,145,252,174,164,204,153,202,192,135,101,135,125,156,215
000007-color.png 260,159,196,273,142,241,170,152,201,142,199,180,131, 90,131,113,153,203
000013-color.png 265,155,199,269,145,237,174,148,204,138,202,176,134, 86,134,110,156,200
000019-color.png 263,154,198,269,144,237,173,149,202,138,201,176,133, 86,133,110,155,200
000025-color.png 249,155,186,270,132,239,159,151,188,140,187,178,118, 89,119,113,142,202
000031-color.png 247,170,185,284,130,253,157,166,186,155,185,192,116,105,117,128,140,216
000037-color.png 258,170,196,284,142,253,168,166,197,155,197,192,127,106,128,129,151,216
000043-color.png 284,162,221,277,166,247,193,159,222,148,222,186,152, 99,152,122,175,210
000049-color.png 282,162,220,279,164,250,190,161,219,149,219,187,148,102,148,125,173,213
000055-color.png 258,155,197,272,141,243,167,154,195,143,196,180,123, 95,124,119,149,206
000061-color.png 257,170,199,288,142,261,166,172,193,159,195,197,121,114,123,137,149,224
000067-color.png 258,161,199,278,142,251,167,162,194,150,196,187,122,104,124,127,150,214
000073-color.png 258,147,195,263,138,235,166,146,193,135,194,172,122, 87,123,110,147,198
000079-color.png 246,147,181,263,123,235,153,146,180,134,181,172,108, 86,109,110,132,198
000085-color.png 252,149,186,266,128,238,158,148,185,137,186,174,113, 89,114,112,137,200
000091-color.png 239,140,174,260,114,232,144,141,171,129,172,167, 98, 81, 99,105,123,194
000097-color.png 258,147,195,267,134,241,162,150,189,137,191,175,115, 92,116,115,142,204
000103-color.png 266,165,199,284,138,257,169,166,196,153,197,191,122,107,122,130,146,219
000109-color.png 263,172,195,292,134,265,165,174,191,161,193,199,117,115,117,139,141,227
000115-color.png 259,175,193,296,130,271,160,179,185,166,189,204,110,121,111,145,136,233
000121-color.png 232,167,168,291,103,267,132,173,158,159,162,198, 79,116, 81,140,109,228
000127-color.png 219,157,155,283, 88,261,117,165,142,151,147,190, 62,109, 64,133, 94,222
000133-color.png 212,161,149,288, 81,267,110,171,134,156,140,194, 54,114, 56,139, 86,227
000139-color.png 210,184,148,313, 79,293,107,196,131,181,137,219, 50,141, 52,165, 83,253
000145-color.png 224,201,164,331, 94,314,121,216,144,200,151,238, 62,162, 64,187, 97,274
000151-color.png 232,187,174,320,103,304,129,205,151,189,159,227, 68,153, 71,177,105,264
000157-color.png 248,169,192,303,121,289,145,189,167,173,176,210, 83,139, 87,163,122,250
000163-color.png 250,162,194,297,123,283,147,182,168,167,177,204, 85,133, 88,157,124,243
000169-color.png 245,159,190,295,118,282,142,181,163,165,172,202, 80,131, 83,156,119,242
000175-color.png 232,164,176,300,104,287,129,185,149,170,159,207, 66,136, 69,160,105,247
000181-color.png 254,140,199,277,127,265,150,163,171,147,181,184, 87,114, 90,138,127,225
000187-color.png 244,118,186,257,113,245,139,140,159,125,169,163, 74, 91, 78,116,114,204
000193-color.png 254,110,197,251,123,239,148,134,168,119,179,156, 83, 85, 86,110,123,199
000199-color.png 257,108,199,250,125,239,150,133,170,117,181,155, 84, 83, 88,109,125,198
000205-color.png 283,122,221,263,146,250,175,144,195,129,205,167,110, 93,113,119,147,209
000211-color.png 279,124,215,266,140,252,170,146,189,130,200,169,104, 94,107,120,141,211
000217-color.png 265,119,200,263,124,250,154,142,173,126,184,165, 86, 90, 89,116,124,208
000223-color.png 262,124,196,269,118,256,149,147,168,131,179,170, 80, 95, 83,121,118,214
000229-color.png 262,128,198,274,118,262,148,153,167,136,179,175, 77,101, 81,127,118,220
000235-color.png 274,136,209,284,128,272,159,162,178,144,190,184, 87,109, 90,136,127,229
000241-color.png 270,130,202,279,120,267,152,155,171,138,183,178, 79,102, 82,129,119,224
000247-color.png 275,115,208,267,125,256,157,143,175,125,188,165, 82, 90, 86,117,124,212
000253-color.png 294,118,228,269,145,260,176,147,194,128,207,169,102, 95,105,122,144,216
000259-color.png 307,130,242,283,159,274,190,160,207,142,220,182,115,109,118,136,157,230
000265-color.png 296,133,230,286,146,277,178,163,195,145,209,185,102,112,106,139,144,233
000271-color.png 288,134,222,288,138,280,169,165,185,147,200,187, 92,115, 95,142,135,236
000277-color.png 273,144,207,300,121,293,153,177,169,158,184,198, 74,126, 78,154,118,248
000283-color.png 263,152,196,308,109,302,142,185,157,166,173,207, 62,135, 66,162,106,257
000289-color.png 256,160,189,317,102,312,135,194,150,175,166,216, 55,144, 58,172, 98,267
000295-color.png 255,167,189,324,101,320,134,202,148,183,165,223, 53,153, 57,180, 97,275
000301-color.png 253,179,186,337, 98,332,132,214,146,195,162,235, 50,165, 54,193, 94,287
000307-color.png 251,179,184,338, 96,334,130,215,144,195,160,236, 48,165, 52,193, 91,288
000313-color.png 253,172,186,332, 97,328,131,209,144,189,161,230, 49,160, 52,188, 92,283
000319-color.png 251,160,185,321, 96,319,129,198,142,179,159,219, 45,150, 49,178, 90,274
000325-color.png 258,151,194,313,104,312,137,190,149,171,167,211, 53,143, 57,171, 98,267
000331-color.png 275,163,208,325,118,323,153,201,165,182,183,222, 70,153, 73,181,113,277
000337-color.png 298,172,230,334,140,331,176,210,188,191,205,231, 93,162, 96,190,135,286
000343-color.png 293,153,224,316,134,314,171,191,182,173,199,213, 87,143, 90,172,128,269
000349-color.png 279,149,212,314,122,314,157,190,167,171,186,211, 71,142, 75,171,115,268
000355-color.png 283,151,217,317,126,316,161,192,171,173,190,213, 75,145, 79,174,120,271
000361-color.png 288,159,223,326,132,326,166,201,176,182,195,222, 79,155, 83,184,125,281
000367-color.png 285,151,221,319,129,321,162,195,172,175,192,215, 74,149, 79,178,122,275
000373-color.png 292,144,227,314,135,315,168,188,178,169,198,209, 80,142, 85,171,127,269
000379-color.png 299,148,232,317,139,318,174,191,185,171,204,212, 86,144, 90,173,132,271
000385-color.png 293,137,225,308,131,308,167,180,177,161,196,202, 78,132, 82,162,124,262
000391-color.png 266,127,198,299,103,301,138,171,148,151,169,193, 47,123, 52,153, 95,253
000397-color.png 267,126,205,301,110,306,141,175,150,154,172,196, 48,130, 53,160,100,259
000403-color.png 259,113,200,288,106,294,134,163,143,142,165,183, 41,119, 47,149, 95,247
000409-color.png 264,139,208,314,115,321,141,191,150,170,172,211, 49,149, 55,178,104,275
000415-color.png 258,162,200,335,107,341,135,211,145,191,166,231, 44,168, 50,197, 97,294
000421-color.png 247,147,189,319, 96,325,124,196,134,176,155,216, 33,153, 39,182, 86,279
000427-color.png 246,125,184,297, 90,300,122,171,132,152,152,192, 31,126, 36,155, 82,254
000433-color.png 254,113,192,285, 99,288,130,159,140,139,161,180, 40,113, 45,142, 90,241
000439-color.png 246,100,184,270, 91,272,122,144,133,125,153,166, 32, 97, 37,127, 83,226
000445-color.png 250,100,184,269, 92,269,125,142,136,122,155,164, 36, 93, 41,123, 84,222
000451-color.png 305,111,237,278,146,277,181,151,192,132,210,173, 94,103, 98,132,140,231
000457-color.png 311,136,241,302,150,299,186,175,198,155,216,197,101,126,104,154,144,253
000463-color.png 303,169,239,337,147,338,179,212,191,192,210,233, 92,166, 97,194,140,291
000469-color.png 319,169,254,339,161,340,195,213,205,193,225,234,107,167,111,196,154,293
000475-color.png 330,133,265,306,171,307,205,178,215,159,235,200,116,132,121,161,164,260
000481-color.png 316,106,251,282,157,284,190,153,200,133,220,175,100,106,104,136,149,237
000487-color.png 313,114,247,290,152,292,185,160,195,141,216,182, 94,113, 98,143,143,245
000493-color.png 333,149,265,326,170,328,204,196,214,176,235,218,113,148,118,178,162,280
000499-color.png 338,175,270,353,174,356,209,223,218,202,239,244,117,176,121,206,165,307
000505-color.png 330,185,263,366,165,370,199,235,208,214,230,256,104,189,109,219,155,321
000511-color.png 328,196,262,381,161,387,196,249,203,227,227,270, 98,203,103,235,151,337
000517-color.png 307,199,242,388,139,397,173,255,180,232,204,276, 72,210, 77,242,127,346
000523-color.png 285,204,221,399,116,411,148,266,154,241,181,285, 41,222, 48,254,102,359
000529-color.png 259,233,200,437, 90,455,119,303,124,276,153,321,  5,261, 13,295, 74,401
000535-color.png 224,227,167,441, 51,464, 78,304, 83,276,115,322,-43,263,-33,298, 33,408
000541-color.png  165, 274, 110, 498, -11, 527,  12, 359,  17, 328,  52, 376,-118, 321,-107, 357, -32, 468
000547-color.png  172, 290, 124, 522,   0, 558,  19, 385,  22, 352,  60, 399,-118, 351,-105, 388, -23, 498
000553-color.png  154, 276, 106, 510, -18, 546,   0, 372,   2, 339,  41, 386,-140, 338,-126, 375, -42, 486
000559-color.png  138, 254,  88, 486, -36, 518, -17, 346, -12, 313,  25, 362,-156, 309,-143, 347, -60, 459
000565-color.png  158, 267, 106, 496, -17, 527,   4, 357,   9, 325,  45, 373,-131, 319,-118, 356, -39, 468
000571-color.png 188,268,138,497, 16,528, 37,358, 41,327, 77,374,-96,322,-84,358, -5,470
000577-color.png 211,245,163,474, 42,506, 61,336, 64,305,101,352,-71,301,-58,337, 19,448
000583-color.png 224,227,176,458, 56,490, 75,319, 77,289,114,335,-57,285,-45,321, 32,432
000589-color.png 236,221,191,452, 71,486, 89,315, 89,285,127,331,-44,283,-31,319, 47,429
000595-color.png 247,217,202,448, 83,483,101,312,100,282,139,327,-31,280,-19,317, 58,426
000601-color.png 259,208,215,440, 97,476,114,304,112,274,151,320,-18,274, -5,310, 71,420
000607-color.png 271,199,226,432,107,469,126,296,123,266,162,312, -7,265,  5,302, 81,412
000613-color.png 271,187,224,423,105,460,125,285,121,255,160,301,-10,254,  2,291, 78,403
000619-color.png 256,198,209,436, 88,475,109,297,104,267,144,313,-28,266,-16,304, 61,417
000625-color.png 245,201,197,442, 74,483, 96,302, 90,271,132,318,-44,272,-31,311, 46,424
000631-color.png 250,205,199,446, 77,486,101,305, 95,274,136,321,-38,273,-26,312, 49,427
000637-color.png 272,213,211,448, 89,483,123,306,117,275,155,323,-11,269, -1,308, 65,424
000643-color.png 280,228,220,458,101,492,135,317,129,288,165,335,  5,281, 14,319, 77,433
000649-color.png 294,218,237,443,123,477,155,306,148,279,184,324, 30,272, 38,309, 99,421
000655-color.png 319,215,263,434,153,467,186,300,177,274,212,317, 66,267, 74,303,130,412
000661-color.png 333,205,277,421,169,453,204,288,194,263,228,306, 87,255, 94,291,147,399
000667-color.png 328,200,273,413,167,445,202,282,191,257,225,300, 87,249, 94,284,145,392
000673-color.png 325,195,271,406,168,438,202,275,191,252,224,294, 89,243, 95,278,145,385
000679-color.png 336,167,285,378,183,411,216,248,203,226,237,267,104,217,111,252,160,359
000685-color.png 358,153,308,364,208,398,240,235,226,213,260,254,129,206,136,241,184,347
000691-color.png 351,171,306,384,206,421,236,257,220,235,255,275,124,231,131,266,181,371
000697-color.png 319,189,271,403,171,442,203,276,186,253,222,293, 90,250, 97,285,146,390
000703-color.png 313,190,267,407,167,447,198,279,180,256,216,296, 84,254, 91,289,140,396
000709-color.png 320,183,274,403,174,445,206,274,186,251,223,291, 91,249, 98,285,147,393
000715-color.png 321,165,277,390,177,435,207,260,186,236,224,277, 90,236, 97,273,148,382
000721-color.png 330,148,289,378,188,426,217,247,194,223,234,264, 98,224,106,262,158,373
000727-color.png 326,146,284,380,183,430,213,248,188,224,229,266, 92,226,100,264,152,377
000733-color.png 320,154,280,391,180,445,208,260,181,235,223,277, 85,240, 94,279,147,392
000739-color.png 329,198,287,436,187,493,219,306,190,280,231,321, 97,287,104,327,154,439
000745-color.png 321,170,279,412,178,468,211,278,181,253,223,295, 88,259, 95,299,145,414
000751-color.png 309,161,268,407,167,467,199,274,167,248,210,290, 74,256, 81,297,132,412
000757-color.png 296,184,257,435,156,500,187,303,154,275,198,318, 59,289, 68,330,120,445
000763-color.png 240,200,208,457,106,531,132,327, 96,300,144,341, -1,320,  8,362, 66,476
000769-color.png 217,194,196,456, 97,538,114,330, 75,303,125,343,-22,331,-10,373, 53,484
000775-color.png 249,186,228,449,132,531,150,324,109,297,159,336, 16,327, 27,369, 89,478
000781-color.png 255,223,236,484,142,569,160,363,118,335,168,374, 29,369, 40,410, 99,517
000787-color.png 235,228,216,491,123,578,141,369, 98,342,148,380, 11,376, 22,418, 79,525
000793-color.png 248,210,232,473,142,560,160,351,115,325,164,363, 32,359, 43,401, 98,508
000799-color.png 268,202,253,461,168,548,185,342,139,317,188,353, 63,351, 74,392,125,498
000805-color.png 280,205,264,462,182,547,200,343,154,319,201,355, 83,351, 92,392,140,498
000811-color.png 268,217,255,471,176,557,193,354,146,330,193,366, 79,363, 88,403,133,508
000817-color.png 261,226,249,476,173,560,190,359,143,337,189,372, 81,368, 89,408,132,512
000823-color.png 275,219,267,465,195,547,209,350,163,330,207,363,105,359,114,398,154,501
000829-color.png 286,222,278,463,209,543,224,349,177,329,220,362,125,356,132,395,169,498
000835-color.png 279,212,271,451,205,529,219,337,173,318,215,351,123,344,131,382,165,484
000841-color.png 267,192,262,428,198,506,211,315,164,297,206,330,118,322,125,360,159,462
000847-color.png 266,187,262,421,201,498,213,309,166,292,208,324,124,315,131,353,162,455
000853-color.png 278,181,276,413,218,488,229,301,182,285,223,316,143,307,150,344,179,445
000859-color.png 262,168,260,395,204,469,214,285,168,270,208,300,130,291,136,328,166,427
000865-color.png 237,154,241,377,188,449,193,269,147,256,187,285,111,276,118,312,149,409
000871-color.png 245,148,250,367,199,438,203,260,158,248,197,276,124,266,131,301,161,399
000877-color.png 260,170,262,386,212,455,219,279,175,266,212,295,143,284,149,318,176,415
000883-color.png 280,177,280,391,231,458,241,284,196,271,233,300,168,287,173,322,196,419
000889-color.png 290,160,290,373,243,438,253,265,208,253,244,282,182,267,187,301,208,399
000895-color.png 286,156,284,367,237,432,249,260,204,247,239,276,178,260,183,295,203,392
000901-color.png 267,172,263,381,216,445,229,274,185,261,219,290,159,274,163,308,182,405
000907-color.png 263,171,260,378,214,439,226,271,183,259,217,288,159,270,163,303,181,400
000913-color.png 277,157,277,360,234,420,243,254,201,243,234,271,178,252,182,285,201,382
000919-color.png 288,157,287,357,245,415,256,251,214,240,246,268,194,247,197,280,213,377
000925-color.png 299,163,297,361,257,417,268,255,227,244,258,273,209,250,212,283,226,379
000931-color.png 303,168,301,362,262,417,274,258,233,247,263,275,217,253,219,285,231,380
000937-color.png 307,171,307,362,269,415,280,258,239,249,269,276,225,253,228,285,240,378
000943-color.png 310,176,308,363,271,415,283,261,243,251,272,279,230,255,232,286,243,379
000949-color.png 325,166,323,351,287,400,300,249,260,240,288,267,248,242,250,273,259,365
000955-color.png 321,166,316,348,281,396,295,246,256,237,283,264,245,238,247,269,254,360
000961-color.png 323,161,319,341,285,388,299,240,260,231,287,258,250,232,252,262,258,353
000967-color.png 336,149,334,329,302,376,314,228,275,220,302,246,266,221,268,251,275,341
000973-color.png 335,134,333,314,303,361,315,214,275,205,302,232,269,206,270,236,276,326
000979-color.png 328,115,327,297,299,345,310,196,270,188,296,214,266,189,267,220,272,311
000985-color.png 332,129,332,313,304,364,316,213,274,205,301,231,273,208,274,239,277,330
000991-color.png 295,163,297,349,272,403,282,250,239,242,266,267,241,248,242,278,244,369
000997-color.png 307,175,314,362,293,418,300,263,256,256,283,281,262,262,264,293,265,384
001003-color.png 326,187,336,375,317,433,322,277,278,270,304,295,286,279,288,309,289,400
001009-color.png 333,193,345,383,328,443,332,286,286,280,313,303,297,290,298,321,299,410
001015-color.png 359,170,373,362,358,422,360,265,314,259,341,282,326,269,328,300,328,390
001021-color.png 379,147,389,341,373,402,379,243,332,236,359,260,346,248,347,279,345,369
001027-color.png 344,170,351,365,333,428,342,269,295,261,321,285,308,276,308,307,305,395
001033-color.png 308,199,318,395,300,461,306,301,259,293,286,316,272,310,273,341,271,429
001039-color.png 305,164,319,360,303,426,305,267,258,260,285,282,270,278,272,309,273,395
001045-color.png 294,126,311,323,294,389,295,231,247,224,276,246,258,242,261,273,264,359
001051-color.png 256,141,273,337,255,405,254,247,206,240,236,261,214,260,217,291,223,375
001057-color.png 247,130,267,327,247,395,244,236,196,229,227,251,201,250,205,280,214,365
001063-color.png 254,120,272,318,249,386,246,227,199,220,231,242,200,241,204,272,216,355
001069-color.png 259,109,277,306,252,374,249,216,203,208,235,230,200,229,205,260,219,343
001075-color.png 269, 97,287,295,261,362,258,204,211,196,244,218,207,218,212,248,227,331
001081-color.png 264,103,283,300,256,367,252,210,206,203,239,224,200,224,205,255,222,337
001087-color.png 247,127,266,322,237,390,233,234,188,226,221,248,180,249,186,279,204,360
001093-color.png 254,147,271,340,243,408,239,253,195,245,227,266,186,268,192,297,209,378
001099-color.png 258,165,273,358,243,425,242,271,197,262,230,283,188,285,193,314,210,394
001105-color.png 257,176,272,368,241,435,240,281,196,272,228,294,185,295,190,325,208,404
