000001-color.png,104,108, 86, 22, 45, 15, 55, 81, 54, 84, 66, 68, 15, 94, 18, 81, 37, 32
000007-color.png,106,107, 85, 21, 43, 16, 55, 82, 54, 85, 66, 69, 16, 96, 18, 83, 36, 33
000013-color.png,108,106, 84, 20, 42, 16, 56, 82, 55, 85, 67, 69, 17, 98, 18, 84, 35, 34
000019-color.png,108,106, 84, 20, 42, 16, 56, 82, 55, 85, 67, 69, 16, 98, 18, 85, 34, 34
000025-color.png,106,103, 82, 23, 42, 19, 57, 81, 56, 84, 67, 68, 20, 97, 21, 84, 36, 36
000031-color.png,107,102, 82, 22, 42, 19, 57, 81, 56, 84, 67, 68, 20, 97, 21, 84, 36, 36
000037-color.png,107,102, 81, 21, 41, 19, 57, 81, 56, 84, 66, 68, 20, 98, 21, 85, 35, 36
000043-color.png,107,102, 81, 21, 41, 19, 57, 81, 56, 84, 66, 68, 20, 98, 21, 85, 35, 36
000049-color.png,107,103, 81, 21, 41, 19, 57, 81, 56, 85, 66, 68, 20, 98, 21, 85, 34, 36
000055-color.png,107,103, 82, 22, 42, 19, 57, 81, 56, 84, 67, 68, 20, 98, 21, 85, 35, 36
000061-color.png,107,103, 82, 22, 42, 19, 57, 81, 56, 84, 67, 68, 20, 97, 21, 84, 35, 36
000067-color.png,107,102, 82, 21, 42, 19, 57, 81, 56, 84, 67, 68, 21, 97, 21, 84, 35, 36
000073-color.png,107,102, 81, 22, 41, 20, 57, 81, 56, 84, 66, 68, 21, 98, 22, 85, 35, 37
000079-color.png,110,104, 82, 19, 40, 17, 57, 82, 56, 86, 67, 68, 19,100, 20, 86, 33, 35
000085-color.png,110,105, 83, 20, 41, 17, 57, 82, 55, 85, 67, 68, 19,100, 20, 86, 34, 35
000091-color.png,109,105, 83, 20, 42, 17, 57, 82, 55, 85, 67, 68, 18, 99, 20, 85, 34, 35
000097-color.png,107,106, 84, 21, 43, 17, 57, 82, 54, 85, 67, 69, 18, 97, 20, 84, 36, 34
000103-color.png,106,106, 84, 22, 44, 18, 57, 82, 54, 84, 66, 69, 19, 97, 21, 84, 36, 35
000109-color.png,105,106, 85, 23, 46, 18, 57, 82, 54, 84, 66, 68, 19, 95, 21, 82, 37, 35
000115-color.png,104,106, 85, 24, 46, 19, 57, 81, 54, 83, 66, 68, 20, 95, 22, 82, 38, 35
000121-color.png,107,109, 86, 21, 45, 16, 57, 83, 53, 85, 67, 69, 17, 97, 19, 83, 36, 33
000127-color.png,106,108, 86, 21, 45, 16, 57, 82, 53, 84, 66, 69, 18, 96, 19, 83, 37, 33
000133-color.png,105,109, 87, 22, 47, 16, 57, 82, 53, 84, 66, 69, 18, 95, 20, 82, 38, 33
000139-color.png,103,109, 88, 23, 48, 16, 56, 82, 53, 83, 66, 68, 18, 93, 20, 80, 39, 33
000145-color.png,102,110, 89, 24, 49, 16, 56, 81, 52, 83, 66, 69, 17, 92, 20, 80, 39, 32
000151-color.png,102,110, 89, 24, 50, 17, 56, 81, 52, 83, 66, 69, 18, 92, 20, 80, 40, 33
000157-color.png,101,109, 89, 24, 50, 17, 56, 81, 52, 82, 66, 68, 18, 92, 21, 79, 40, 32
000163-color.png,101,110, 89, 25, 51, 17, 56, 81, 52, 83, 66, 69, 18, 92, 21, 79, 40, 33
000169-color.png,100,110, 89, 25, 51, 17, 56, 81, 51, 82, 66, 69, 19, 91, 21, 79, 41, 32
000175-color.png,100,109, 89, 25, 51, 18, 57, 81, 52, 82, 66, 69, 19, 92, 22, 79, 41, 33
000181-color.png,102,112, 91, 23, 51, 15, 57, 82, 51, 83, 66, 69, 17, 93, 20, 80, 40, 31
000187-color.png,101,111, 90, 23, 51, 15, 57, 82, 51, 83, 66, 69, 17, 93, 20, 80, 40, 31
000193-color.png,101,112, 91, 23, 52, 15, 57, 82, 51, 83, 66, 69, 18, 93, 21, 79, 40, 31
000199-color.png,100,112, 91, 23, 52, 15, 57, 82, 50, 83, 65, 69, 18, 93, 21, 79, 40, 31
000205-color.png,100,112, 91, 23, 52, 15, 57, 82, 50, 83, 66, 69, 18, 92, 21, 79, 40, 31
000211-color.png,100,113, 92, 23, 53, 15, 57, 82, 50, 83, 66, 69, 18, 92, 21, 79, 41, 31
000217-color.png, 99,113, 92, 24, 53, 15, 57, 82, 50, 83, 66, 69, 18, 92, 21, 79, 41, 31
000223-color.png, 99,113, 92, 23, 54, 15, 57, 81, 50, 82, 66, 69, 18, 91, 21, 78, 42, 30
000229-color.png, 99,113, 92, 24, 54, 15, 57, 82, 50, 83, 65, 69, 18, 91, 22, 78, 42, 31
000235-color.png, 98,113, 92, 24, 54, 15, 57, 82, 50, 83, 65, 69, 19, 92, 22, 78, 42, 31
000241-color.png, 98,112, 91, 24, 54, 16, 58, 82, 50, 83, 65, 69, 20, 92, 23, 79, 42, 31
000247-color.png, 99,112, 91, 24, 53, 16, 58, 82, 50, 83, 65, 69, 20, 92, 23, 79, 42, 32
000253-color.png, 98,111, 91, 24, 54, 16, 58, 81, 50, 82, 65, 69, 21, 91, 24, 78, 42, 32
000259-color.png, 97,111, 91, 25, 55, 17, 58, 81, 50, 82, 65, 69, 21, 90, 24, 78, 43, 32
000265-color.png, 97,114, 92, 24, 56, 15, 57, 82, 49, 83, 65, 69, 19, 92, 23, 78, 43, 31
000271-color.png, 96,113, 92, 25, 57, 16, 57, 82, 49, 82, 65, 69, 20, 91, 24, 78, 44, 31
000277-color.png, 95,112, 93, 26, 58, 16, 58, 81, 50, 81, 65, 68, 21, 90, 25, 77, 45, 32
000283-color.png, 94,112, 92, 26, 58, 17, 58, 81, 49, 81, 65, 69, 22, 90, 25, 77, 45, 32
000289-color.png, 94,111, 92, 26, 58, 17, 58, 81, 50, 81, 65, 68, 23, 89, 26, 77, 45, 32
000295-color.png, 94,111, 92, 27, 58, 18, 59, 81, 50, 81, 65, 68, 24, 89, 27, 77, 46, 32
000301-color.png, 93,111, 91, 27, 58, 18, 58, 81, 50, 81, 65, 68, 23, 89, 27, 77, 46, 32
000307-color.png, 93,110, 91, 27, 58, 18, 59, 81, 50, 81, 65, 68, 24, 89, 27, 77, 46, 33
000313-color.png, 93,110, 91, 27, 58, 18, 59, 80, 50, 81, 65, 68, 24, 89, 28, 76, 46, 33
000319-color.png, 92,110, 91, 28, 59, 19, 59, 81, 50, 81, 65, 68, 25, 89, 28, 77, 46, 33
000325-color.png, 92,110, 91, 28, 59, 19, 59, 80, 50, 80, 65, 68, 25, 88, 28, 76, 47, 33
000331-color.png, 91,110, 91, 28, 59, 19, 59, 80, 50, 80, 64, 68, 25, 88, 29, 76, 47, 33
000337-color.png, 90,110, 91, 29, 60, 19, 59, 80, 50, 80, 64, 68, 26, 87, 29, 76, 47, 33
000343-color.png, 90,109, 91, 29, 60, 19, 59, 80, 50, 80, 65, 68, 27, 87, 30, 75, 48, 33
000349-color.png, 90,109, 91, 29, 61, 20, 60, 80, 50, 80, 65, 68, 28, 87, 31, 75, 48, 33
000355-color.png, 89,109, 91, 29, 61, 20, 60, 80, 50, 80, 65, 68, 28, 86, 31, 75, 48, 33
000361-color.png, 88,109, 91, 29, 62, 20, 60, 79, 50, 79, 64, 68, 28, 85, 32, 74, 49, 33
000367-color.png, 87,109, 90, 30, 62, 20, 60, 79, 50, 79, 64, 68, 29, 85, 32, 74, 49, 33
000373-color.png, 87,109, 91, 30, 63, 20, 60, 79, 50, 79, 64, 68, 30, 85, 33, 73, 50, 33
000379-color.png, 87,109, 90, 30, 63, 20, 60, 79, 50, 79, 64, 68, 31, 85, 33, 74, 50, 33
000385-color.png, 86,109, 90, 30, 63, 20, 60, 79, 50, 79, 64, 68, 31, 84, 34, 73, 50, 33
000391-color.png, 85,109, 90, 31, 63, 20, 60, 79, 50, 79, 64, 68, 32, 84, 34, 73, 50, 33
000397-color.png, 85,110, 91, 32, 64, 20, 61, 78, 50, 79, 64, 68, 32, 83, 35, 72, 52, 33
000403-color.png, 83,110, 91, 32, 65, 20, 60, 78, 49, 78, 64, 68, 32, 82, 35, 71, 52, 33
000409-color.png, 82,110, 91, 32, 66, 21, 61, 78, 50, 78, 64, 68, 33, 81, 36, 71, 53, 33
000415-color.png, 82,110, 91, 32, 66, 21, 61, 78, 50, 78, 64, 68, 33, 82, 37, 71, 53, 33
000421-color.png, 81,109, 90, 32, 66, 21, 61, 78, 50, 78, 64, 68, 34, 81, 37, 71, 54, 33
000427-color.png, 80,110, 90, 33, 67, 21, 61, 78, 50, 78, 64, 68, 34, 81, 38, 70, 54, 33
000433-color.png, 80,110, 90, 33, 68, 22, 61, 78, 50, 78, 64, 68, 35, 80, 38, 70, 55, 33
000439-color.png, 79,109, 90, 33, 68, 22, 61, 77, 50, 77, 64, 68, 35, 80, 38, 70, 55, 33
000445-color.png, 78,109, 91, 34, 69, 22, 61, 77, 50, 77, 64, 68, 35, 79, 39, 69, 55, 33
000451-color.png, 77,109, 90, 34, 68, 22, 61, 77, 49, 77, 64, 68, 35, 79, 39, 69, 55, 33
000457-color.png, 77,109, 90, 35, 69, 23, 61, 77, 50, 76, 64, 68, 35, 79, 39, 69, 56, 34
000463-color.png, 77,109, 90, 35, 69, 23, 61, 77, 50, 76, 64, 68, 35, 78, 39, 69, 56, 34
000469-color.png, 77,108, 90, 35, 69, 23, 61, 77, 50, 76, 64, 68, 36, 78, 39, 68, 56, 34
000475-color.png, 77,108, 90, 36, 69, 23, 61, 77, 50, 76, 64, 68, 36, 78, 39, 68, 56, 34
000481-color.png, 77,108, 90, 36, 69, 23, 61, 77, 50, 76, 64, 68, 36, 78, 40, 68, 56, 34
000487-color.png, 76,108, 89, 36, 69, 23, 61, 76, 50, 76, 64, 68, 37, 77, 40, 68, 56, 34
000493-color.png, 76,109, 90, 36, 69, 23, 61, 76, 50, 76, 64, 68, 36, 77, 40, 67, 57, 34
000499-color.png, 75,109, 91, 36, 70, 23, 61, 76, 50, 76, 64, 68, 36, 76, 40, 67, 57, 34
000505-color.png, 75,110, 91, 36, 70, 22, 61, 76, 49, 76, 64, 68, 36, 76, 39, 67, 57, 33
000511-color.png, 75,111, 92, 36, 71, 22, 61, 76, 49, 76, 64, 68, 35, 76, 39, 66, 57, 32
000517-color.png, 76,112, 92, 36, 71, 21, 61, 77, 49, 76, 64, 68, 35, 76, 39, 66, 57, 32
000523-color.png, 75,113, 92, 36, 71, 20, 61, 77, 48, 76, 64, 68, 35, 76, 39, 66, 57, 32
000529-color.png, 75,113, 94, 36, 72, 20, 61, 77, 48, 76, 64, 68, 34, 75, 39, 65, 58, 32
000535-color.png, 75,114, 94, 35, 72, 20, 61, 77, 48, 76, 64, 68, 34, 76, 38, 66, 58, 31
000541-color.png, 74,114, 94, 35, 72, 19, 60, 77, 48, 76, 63, 68, 34, 76, 38, 66, 58, 31
000547-color.png, 75,115, 94, 34, 72, 19, 61, 77, 48, 77, 64, 68, 34, 76, 38, 66, 57, 31
000553-color.png, 76,116, 94, 34, 72, 18, 61, 78, 48, 77, 64, 69, 34, 77, 38, 67, 57, 30
000559-color.png, 76,117, 94, 33, 71, 17, 61, 78, 47, 78, 64, 69, 33, 77, 37, 66, 56, 29
000565-color.png, 77,118, 95, 32, 72, 16, 60, 78, 47, 78, 64, 69, 32, 77, 36, 66, 56, 29
000571-color.png, 78,120, 96, 32, 71, 14, 60, 78, 47, 79, 64, 69, 32, 78, 35, 66, 56, 28
000577-color.png, 80,122, 96, 30, 70, 13, 61, 79, 47, 80, 64, 69, 31, 79, 35, 67, 54, 27
000583-color.png, 81,124, 96, 29, 70, 11, 60, 79, 46, 80, 64, 69, 29, 78, 33, 66, 54, 25
000589-color.png, 81,120, 95, 30, 69, 14, 60, 78, 47, 79, 64, 69, 30, 78, 34, 67, 53, 28
000595-color.png, 81,120, 95, 30, 69, 14, 60, 79, 47, 80, 64, 69, 29, 79, 34, 67, 53, 28
000601-color.png, 82,120, 96, 29, 69, 12, 60, 78, 47, 79, 64, 69, 29, 78, 33, 67, 53, 27
000607-color.png, 83,121, 96, 29, 69, 12, 60, 79, 47, 80, 64, 69, 29, 79, 33, 68, 53, 27
000613-color.png, 83,122, 97, 29, 68, 11, 60, 79, 46, 80, 64, 69, 28, 79, 32, 68, 52, 26
000619-color.png, 84,122, 97, 28, 68, 11, 60, 79, 46, 80, 64, 69, 28, 80, 32, 68, 52, 26
000625-color.png, 83,118, 95, 29, 67, 14, 60, 78, 48, 80, 64, 69, 29, 80, 33, 68, 52, 28
000631-color.png, 83,118, 96, 29, 68, 14, 60, 78, 48, 80, 64, 69, 29, 79, 33, 68, 53, 28
000637-color.png, 83,120, 96, 29, 68, 13, 60, 78, 47, 80, 64, 69, 29, 79, 33, 67, 53, 27
000643-color.png, 81,121, 98, 30, 70, 12, 59, 78, 46, 79, 64, 69, 28, 78, 33, 67, 54, 26
000649-color.png, 81,122, 98, 29, 70, 12, 60, 79, 46, 80, 64, 70, 29, 79, 33, 67, 54, 26
000655-color.png, 80,122, 98, 29, 71, 11, 60, 79, 46, 80, 64, 69, 29, 78, 34, 67, 54, 25
000661-color.png, 79,123, 98, 29, 72, 11, 60, 79, 46, 80, 64, 70, 31, 78, 35, 67, 55, 25
000667-color.png, 77,123, 98, 30, 73, 11, 60, 79, 45, 79, 64, 69, 31, 77, 35, 66, 56, 25
000673-color.png, 76,123, 98, 30, 74, 12, 60, 79, 45, 79, 64, 70, 32, 77, 37, 66, 57, 25
000679-color.png, 76,122, 97, 30, 73, 11, 61, 79, 46, 79, 64, 69, 33, 78, 38, 67, 57, 25
000685-color.png, 76,122, 97, 30, 74, 12, 62, 79, 46, 79, 64, 69, 35, 78, 38, 67, 57, 25
000691-color.png, 76,122, 96, 30, 74, 12, 62, 79, 47, 79, 64, 69, 36, 78, 40, 67, 57, 26
000697-color.png, 73,122, 96, 31, 76, 12, 62, 79, 46, 78, 64, 69, 36, 77, 40, 66, 58, 26
000703-color.png, 72,122, 97, 32, 77, 12, 62, 79, 46, 78, 63, 69, 37, 76, 41, 65, 60, 25
000709-color.png, 71,123, 97, 32, 78, 13, 62, 79, 46, 78, 63, 70, 37, 76, 41, 65, 60, 26
000715-color.png, 70,123, 97, 32, 78, 12, 62, 79, 45, 78, 63, 69, 37, 76, 42, 65, 60, 25
000721-color.png, 68,124, 97, 33, 80, 13, 62, 79, 45, 77, 63, 69, 38, 75, 42, 64, 62, 25
000727-color.png, 67,124, 98, 33, 80, 13, 62, 79, 45, 77, 63, 70, 38, 74, 43, 64, 62, 25
000733-color.png, 66,124, 98, 34, 82, 12, 62, 78, 45, 76, 63, 69, 38, 74, 44, 63, 64, 25
000739-color.png, 65,120, 96, 36, 81, 16, 62, 78, 46, 76, 63, 69, 41, 73, 46, 63, 64, 28
000745-color.png, 64,120, 95, 36, 82, 16, 62, 78, 46, 76, 62, 69, 42, 73, 46, 63, 64, 27
000751-color.png, 63,120, 95, 36, 82, 16, 63, 77, 46, 76, 62, 69, 42, 72, 47, 62, 65, 27
000757-color.png, 62,121, 95, 37, 83, 17, 63, 78, 46, 76, 62, 69, 43, 72, 48, 62, 66, 27
000763-color.png, 61,120, 95, 37, 83, 17, 63, 78, 46, 75, 62, 69, 44, 72, 49, 62, 66, 27
000769-color.png, 61,120, 95, 37, 84, 17, 63, 78, 46, 75, 62, 69, 45, 72, 49, 62, 66, 28
000775-color.png, 60,124, 97, 35, 86, 14, 64, 79, 45, 76, 62, 70, 44, 73, 49, 63, 67, 25
000781-color.png, 59,124, 97, 35, 86, 14, 64, 79, 45, 76, 62, 69, 45, 73, 50, 63, 68, 25
000787-color.png, 59,124, 96, 35, 86, 14, 64, 79, 45, 76, 62, 69, 45, 73, 50, 63, 68, 25
000793-color.png, 58,123, 96, 35, 86, 15, 64, 79, 46, 76, 62, 69, 46, 73, 51, 63, 68, 25
000799-color.png, 56,123, 96, 36, 88, 16, 64, 79, 45, 75, 62, 69, 46, 73, 51, 63, 70, 26
000805-color.png, 55,123, 96, 37, 89, 16, 64, 79, 45, 75, 62, 69, 46, 73, 52, 63, 70, 26
000811-color.png, 54,123, 96, 37, 89, 16, 64, 79, 46, 75, 62, 69, 47, 73, 52, 63, 70, 26
000817-color.png, 54,122, 96, 38, 89, 16, 64, 79, 45, 74, 61, 69, 47, 72, 52, 62, 70, 26
000823-color.png, 54,122, 96, 37, 89, 16, 64, 79, 46, 74, 62, 69, 48, 72, 53, 62, 70, 26
000829-color.png, 55,123, 95, 37, 88, 16, 64, 79, 46, 75, 62, 69, 48, 73, 53, 63, 70, 26
000835-color.png, 55,122, 95, 36, 88, 16, 64, 79, 46, 75, 62, 69, 48, 73, 53, 63, 70, 26
000841-color.png, 55,122, 94, 36, 88, 16, 64, 79, 47, 75, 62, 69, 49, 73, 54, 63, 70, 27
000847-color.png, 55,122, 94, 36, 88, 16, 65, 79, 47, 75, 62, 69, 50, 73, 54, 64, 70, 27
000853-color.png, 55,122, 93, 36, 87, 16, 65, 79, 47, 75, 62, 69, 50, 74, 55, 64, 70, 27
000859-color.png, 54,121, 93, 36, 88, 16, 65, 79, 47, 75, 62, 69, 51, 74, 55, 64, 70, 27
000865-color.png, 54,121, 92, 36, 88, 17, 65, 79, 47, 75, 62, 69, 51, 74, 55, 64, 70, 27
000871-color.png, 54,121, 92, 36, 88, 16, 65, 79, 47, 75, 61, 69, 51, 74, 56, 64, 70, 27
000877-color.png, 53,121, 92, 36, 88, 16, 65, 79, 47, 75, 61, 69, 52, 74, 57, 64, 71, 27
000883-color.png, 52,121, 92, 36, 89, 17, 66, 79, 47, 75, 61, 69, 53, 74, 57, 64, 71, 27
000889-color.png, 52,121, 92, 36, 89, 17, 66, 79, 47, 75, 61, 69, 54, 74, 58, 64, 72, 27
000895-color.png, 51,121, 92, 36, 89, 17, 66, 80, 47, 75, 61, 69, 54, 75, 58, 64, 72, 28
000901-color.png, 50,121, 92, 37, 90, 17, 66, 80, 47, 75, 61, 69, 54, 74, 59, 64, 73, 28
000907-color.png, 49,121, 92, 37, 91, 17, 66, 79, 47, 74, 61, 69, 54, 74, 59, 64, 73, 27
000913-color.png, 49,121, 92, 37, 91, 17, 66, 79, 47, 74, 61, 69, 54, 74, 59, 64, 73, 27
000919-color.png, 48,121, 92, 37, 91, 18, 65, 80, 47, 74, 61, 69, 54, 74, 59, 64, 74, 28
000925-color.png, 48,121, 92, 38, 92, 18, 66, 80, 47, 74, 61, 69, 55, 74, 60, 64, 75, 28
000931-color.png, 46,121, 93, 38, 93, 18, 65, 80, 47, 73, 61, 69, 55, 73, 60, 64, 75, 28
000937-color.png, 45,120, 93, 39, 94, 19, 65, 79, 47, 73, 61, 69, 55, 73, 60, 63, 76, 28
000943-color.png, 44,120, 93, 40, 95, 19, 65, 79, 47, 73, 61, 69, 55, 72, 60, 63, 77, 28
000949-color.png, 43,120, 92, 40, 95, 19, 65, 79, 47, 73, 60, 69, 56, 72, 61, 62, 77, 28
000955-color.png, 43,120, 92, 40, 96, 19, 65, 79, 47, 73, 61, 69, 57, 71, 62, 62, 77, 28
000961-color.png, 42,120, 92, 41, 96, 19, 65, 79, 47, 73, 60, 69, 57, 71, 63, 62, 78, 28
000967-color.png, 42,120, 92, 41, 96, 19, 66, 79, 47, 72, 60, 69, 58, 71, 63, 62, 78, 28
000973-color.png, 42,120, 91, 41, 96, 20, 66, 79, 48, 73, 61, 69, 59, 72, 64, 63, 78, 28
000979-color.png, 42,120, 91, 40, 95, 20, 66, 79, 48, 73, 61, 69, 59, 72, 64, 63, 78, 28
000985-color.png, 41,119, 90, 40, 95, 19, 66, 79, 48, 73, 60, 69, 59, 72, 64, 63, 78, 28
000991-color.png, 41,119, 90, 40, 96, 20, 66, 79, 48, 73, 60, 69, 60, 72, 64, 63, 78, 28
000997-color.png, 41,119, 90, 40, 96, 19, 66, 79, 48, 72, 60, 69, 60, 72, 65, 62, 79, 28
001003-color.png, 41,119, 90, 40, 96, 20, 66, 79, 48, 73, 60, 69, 60, 72, 65, 63, 79, 28
001009-color.png, 41,119, 89, 40, 96, 20, 67, 79, 48, 73, 60, 69, 60, 73, 65, 63, 79, 28
001015-color.png, 40,119, 89, 40, 96, 20, 67, 79, 48, 73, 60, 69, 61, 73, 65, 63, 79, 28
001021-color.png, 40,118, 89, 40, 96, 20, 66, 79, 48, 72, 60, 68, 61, 72, 66, 63, 79, 28
001027-color.png, 39,119, 90, 41, 97, 21, 66, 80, 48, 73, 60, 69, 61, 73, 66, 63, 80, 28
001033-color.png, 38,119, 90, 41, 97, 20, 66, 80, 48, 72, 60, 69, 60, 73, 66, 63, 80, 28
001039-color.png, 38,119, 90, 40, 97, 20, 66, 80, 48, 72, 60, 69, 60, 73, 66, 63, 80, 28
001045-color.png, 39,119, 91, 40, 98, 19, 66, 80, 48, 72, 60, 69, 60, 73, 65, 63, 80, 28
001051-color.png, 39,119, 91, 40, 98, 19, 66, 80, 48, 72, 60, 69, 60, 73, 66, 63, 80, 28
001057-color.png, 39,119, 91, 39, 98, 19, 66, 80, 48, 72, 61, 69, 60, 73, 66, 64, 80, 28
001063-color.png, 38,119, 91, 39, 98, 19, 66, 80, 48, 72, 60, 69, 60, 73, 65, 64, 80, 28
001069-color.png, 38,119, 91, 40, 98, 20, 66, 80, 48, 73, 60, 69, 61, 73, 66, 64, 80, 28
001075-color.png, 38,119, 91, 40, 98, 20, 66, 80, 48, 72, 60, 69, 61, 73, 66, 64, 80, 28
001081-color.png, 38,119, 91, 40, 99, 20, 67, 80, 48, 72, 60, 69, 62, 73, 67, 64, 81, 28
001087-color.png, 37,119, 91, 40, 99, 20, 66, 80, 48, 72, 60, 69, 61, 73, 67, 64, 81, 28
001093-color.png, 38,119, 90, 40, 98, 20, 66, 80, 48, 72, 60, 69, 61, 73, 67, 64, 81, 28
001099-color.png, 38,118, 90, 40, 98, 20, 67, 80, 48, 72, 60, 68, 62, 73, 67, 64, 81, 28
001105-color.png, 38,118, 90, 40, 98, 21, 67, 80, 48, 72, 61, 68, 62, 73, 67, 64, 80, 28
001111-color.png, 38,118, 91, 41, 98, 21, 66, 80, 48, 72, 60, 68, 61, 73, 66, 64, 81, 29
001117-color.png, 37,118, 91, 41, 99, 22, 66, 80, 48, 72, 60, 69, 60, 73, 66, 64, 81, 29
001123-color.png, 35,118, 92, 42,100, 22, 65, 80, 47, 71, 60, 68, 60, 72, 66, 63, 82, 29
